100
15 217
15 205
15 251
15 74
15 94
15 8
15 105
15 22
15 6
15 69
15 277
15 188
15 24
15 88
15 261
15 259
15 256
15 7
15 0
15 173
15 16
15 236
15 78
15 240
15 206
15 28
15 10
15 108
15 285
15 75
15 133
15 30
15 147
15 238
15 14
15 160
15 245
15 119
15 95
15 17
15 126
15 2
15 53
15 123
15 189
15 203
15 85
15 152
15 286
15 283
15 178
15 15
15 19
15 1
15 4
15 3
15 18
15 63
15 267
15 39
15 47
15 191
15 262
15 130
15 13
15 184
15 100
15 99
15 12
15 5
15 287
15 141
15 234
15 176
15 98
15 29
15 131
15 235
15 9
15 143
15 216
15 202
15 82
15 26
15 83
15 135
15 221
15 40
15 142
15 232
15 38
15 284
15 270
15 64
15 220
15 282
15 77
15 11
15 279
15 68
