100
3
15 20 60 75 80 100
4
9 9 12 12 12 15 16 20
4
195 260 336 448 1596 2128 2265 3020
4
474 632 1476 1623 1926 1968 2164 2568
4
1680 2061 2121 2240 2700 2748 2828 3600
4
299058798 380808003 398745064 417960849 507744004 557281132 588911409 785215212
4
51 68 429 572 1254 1672 2754 3672
4
93 124 405 540 906 1208 1719 2292
4
1314 1752 2187 2280 2322 2916 3040 3096
4
168012261 224016348 366650859 488867812 517733247 598892367 690310996 798523156
4
822 1096 1272 1696 2280 2505 3040 3340
4
369 492 840 1120 1830 1872 2440 2496
4
288 384 510 680 1383 1844 2364 3152
4
39 52 2235 2619 2820 2980 3492 3760
4
186 248 273 364 831 1108 1815 2420
4
23703159 31604212 405899790 541199720 608595567 666060738 811460756 888080984
4
537 716 1260 1680 1989 2652 2985 3980
4
693 924 1389 1852 2382 2919 3176 3892
4
177 207 236 276 1878 2199 2504 2932
4
12663 16884 16884 18603 22512 22512 24804 30016
4
86070081 114760108 205461186 209555373 216073014 273948248 279407164 288097352
4
1257 1676 2385 2388 2802 3180 3184 3736
4
6669 7020 8892 9360 11856 12480 15808 16640
4
407786829 443550393 444307272 543715772 591400524 592409696 712941945 950589260
4
115625700 154167600 306583398 408777864 419722158 559629544 638900052 851866736
4
1017 1356 2106 2523 2643 2808 3364 3524
2
3 4 750000000 1000000000
4
15930 21240 21240 26406 28320 28320 35208 37760
4
747 996 1083 1444 2205 2841 2940 3788
4
633 844 1047 1396 2622 2727 3496 3636
4
133915224 178553632 471914064 570775083 571486689 629218752 761033444 761982252
4
666 888 966 1227 1288 1636 2274 3032
1
3 4
4
147 196 2181 2364 2781 2908 3152 3708
4
366 488 1491 1988 2394 2403 3192 3204
4
6858 9144 13338 17784 17784 23712 23712 31616
4
8722215 11629620 89118189 118824252 576655683 642750225 768874244 857000300
4
600 800 1128 1504 1521 1965 2028 2620
4
138 184 321 428 2259 2442 3012 3256
4
16632 18522 22176 24696 24696 32928 32928 43904
4
255 340 753 1004 1077 1436 1506 2008
4
1149 1532 2019 2613 2667 2692 3484 3556
4
576 663 768 884 1452 1936 2535 3380
4
24219 25353 32292 33804 33804 45072 45072 60096
4
165501018 220668024 341579256 444313515 444646824 455439008 592418020 592862432
4
1296 1428 1506 1728 1904 2008 2505 3340
1
750000000 1000000000
4
72192708 96256944 132625602 176834136 305722827 407630436 459484167 612645556
4
954 1272 1950 2562 2600 2898 3416 3864
4
306997539 409330052 480086352 492216060 640115136 656288080 667739763 890319684
4
210 280 318 424 600 800 2925 3900
4
90 120 210 280 1530 2040 2982 3976
4
10989 14652 19536 22923 26048 30564 40752 54336
4
273 364 2565 2913 2949 3420 3884 3932
4
324 432 1149 1532 2160 2169 2880 2892
4
317409807 423213076 608579448 637169241 649002828 811439264 849558988 865337104
4
96 128 792 1056 1602 2136 2577 3436
4
405 540 720 960 18603 24804 33072 44096
4
381 508 972 1293 1296 1724 1965 2620
4
11097 14796 14796 19728 19728 25326 26304 33768
4
210 280 312 416 1854 2472 2511 3348
4
1179 1455 1572 1940 2271 2673 3028 3564
4
591 594 788 792 1659 2212 2223 2964
4
5427 7236 9648 12864 15255 20340 27120 36160
4
210 280 1233 1299 1644 1732 2160 2880
4
255 340 954 1272 2013 2684 2724 3632
4
375 500 642 795 856 1060 1746 2328
4
11205 14940 26244 34992 34992 46656 46656 62208
4
663 884 1728 1767 2304 2356 2553 3404
4
1809 2412 3216 4288 11367 15156 20208 26944
4
1125 1239 1440 1500 1652 1920 2967 3956
4
384 512 726 951 968 1268 2328 3104
4
125146215 166861620 325235022 433646696 467638815 623518420 628827369 838436492
4
1371 1828 2097 2334 2796 2934 3112 3912
4
390031059 454307409 520041412 541372428 605743212 714498078 721829904 952664104
4
5238 6984 9312 12416 24597 32796 43728 58304
4
18036 21870 24048 29160 32064 38880 42752 51840
4
20142 24516 26856 26856 32688 35808 35808 47744
4
18 24 1443 1924 1986 1992 2648 2656
4
1215 1620 2160 2880 13014 17352 23136 30848
4
16960575 22614100 82763184 110350912 158181828 210909104 572767929 763690572
4
9 12 54 72 174 232 1392 1856
4
411 548 1050 1400 1491 1988 2565 3420
4
240 320 570 760 1932 2454 2576 3272
4
24 32 189 252 1587 1671 2116 2228
4
168 224 861 1116 1148 1488 2136 2848
4
7371 9234 9828 12312 13104 16416 17472 21888
4
9963 13284 14067 18756 18756 25008 25008 33344
4
495 660 1665 2010 2163 2220 2680 2884
4
9018 12024 16032 20304 21376 27072 36096 48128
4
135512487 180683316 187643901 250191868 252976092 258656799 337301456 344875732
4
49933350 66577800 355445427 473927236 481767114 510194979 642356152 680259972
4
1866 2019 2070 2373 2488 2692 2760 3164
4
169384476 186978360 225845968 249304480 323819175 431758900 585274221 780365628
4
94949220 126598960 371198733 464948649 494931644 619931532 707198592 942931456
4
747 801 813 996 1068 1084 2118 2824
4
7128 9504 9504 9639 12672 12672 12852 16896
4
446918844 595891792 616193682 648086259 671487438 821591576 864115012 895316584
4
219 292 444 592 1425 1900 2076 2768
4
1161 1209 1548 1612 2226 2457 2968 3276
