100
2 3
1 2
1 2
3 3
1 2
2 3
2 2
3 3
1 1
2 2
1 2
100 100
52 71
75 99
50 67
51 61
78 93
78 85
55 94
62 81
52 96
71 75
54 55
53 65
59 76
70 100
55 60
58 91
86 95
95 100
74 96
55 100
79 81
82 97
53 85
68 71
58 77
71 73
62 99
61 67
82 92
51 86
91 95
80 93
89 94
76 89
63 71
75 80
77 79
65 79
61 93
55 56
86 94
69 79
61 87
56 70
67 98
51 68
76 84
60 80
60 72
63 81
73 85
55 89
93 96
74 76
80 92
58 89
84 86
73 75
74 79
54 65
84 92
64 99
65 68
71 80
50 91
80 84
78 90
50 98
70 89
64 74
58 71
77 86
67 80
68 72
60 67
66 73
58 65
61 72
50 98
86 93
52 68
79 96
61 91
84 85
63 67
83 97
54 85
57 78
51 98
61 96
82 94
62 65
65 69
64 88
73 94
68 70
77 84
57 92
60 88
54 57
100 100
55 98
25 100
82 93
41 75
26 51
53 98
31 90
10 70
42 61
8 78
37 85
42 61
20 93
20 93
17 49
36 45
51 85
51 85
10 75
24 51
3 15
3 12
26 51
7 98
58 63
20 48
62 98
11 46
86 87
31 90
24 51
63 92
6 13
19 81
82 93
10 93
20 31
45 57
53 98
57 88
16 19
3 39
62 98
10 75
64 69
60 70
21 66
16 19
45 57
10 70
33 75
51 87
33 75
45 92
24 96
36 45
11 96
25 100
63 92
51 82
10 93
33 39
24 96
43 54
27 88
7 98
21 66
33 39
8 78
51 82
37 85
38 83
3 39
57 88
17 49
64 69
20 31
11 96
51 87
31 76
33 51
60 70
6 13
45 92
58 63
38 83
41 75
49 100
3 15
33 51
31 76
27 88
86 87
11 46
55 98
49 100
3 12
43 54
19 81
20 48
2 100
1 1
1 2
4 12
6 10
2 3
1 5
2 8
12 90
30 37
3 78
54 85
17 86
4 81
16 40
30 61
30 79
52 82
14 68
85 86
80 83
100 17
5 13
5 17
1 16
5 11
5 9
11 12
10 16
6 13
1 10
2 11
9 10
3 14
12 16
4 12
1 15
5 12
3 12
1 13
2 8
7 17
1 3
7 7
1 7
2 17
3 10
6 10
1 2
3 5
10 16
7 12
13 15
4 5
8 14
1 17
13 13
7 15
4 9
1 2
6 14
12 14
2 5
3 11
7 15
4 14
8 10
9 12
8 16
13 14
9 15
4 11
17 17
5 7
7 13
5 6
14 16
2 5
5 10
2 14
7 16
9 14
9 15
3 5
1 9
3 9
2 17
2 13
4 9
14 17
1 7
4 11
11 15
4 16
6 15
12 17
2 13
7 14
2 4
5 16
3 6
1 11
5 17
1 14
6 17
9 12
3 17
8 13
7 17
11 16
9 9
12 15
8 17
14 16
5 14
1 10
12 13
8 15
8 12
1 14
3 14
2 4
15 88
35 70
66 85
27 60
51 64
7 31
64 88
9 60
4 8
19 70
37 56
53 54
37 62
11 22
4 53
6 64
23 73
14 41
35 39
21 35
43 50
8 58
29 38
3 22
5 48
28 52
38 45
17 55
28 71
33 46
20 21
18 38
43 63
15 73
14 60
21 29
7 40
43 64
10 54
4 72
91 46
20 28
27 32
30 35
6 45
28 34
15 31
10 29
6 8
10 44
5 37
17 24
17 25
37 43
5 28
8 45
34 43
6 46
26 43
27 32
5 42
21 42
7 45
7 39
38 40
10 31
18 32
32 42
19 34
9 15
33 40
7 39
31 37
3 21
20 38
9 25
3 18
35 42
7 45
39 44
5 28
5 20
37 44
11 31
14 43
26 33
35 46
13 44
3 7
30 32
41 44
4 28
23 34
13 45
7 29
19 24
29 42
9 23
18 39
37 39
31 34
4 9
8 33
33 42
14 42
5 30
19 35
38 40
22 46
13 41
7 24
21 25
13 39
18 39
15 16
27 29
8 44
12 34
13 39
25 36
16 22
31 33
24 39
21 46
38 43
7 15
39 43
24 25
1 12
9 34
20 35
28 28
90 10
2 8
2 5
4 10
4 7
5 10
3 8
7 8
3 9
1 7
5 9
1 5
7 10
1 3
2 6
7 9
6 7
1 2
4 8
3 5
3 5
6 9
4 10
6 10
6 9
1 4
4 9
7 8
1 3
5 7
4 9
1 5
3 8
4 5
2 9
1 2
3 10
3 6
4 8
6 8
3 7
4 7
3 9
8 9
1 7
5 10
1 10
5 8
7 9
6 10
3 4
2 10
3 6
1 10
3 7
2 9
5 8
2 5
5 6
2 3
2 7
5 7
9 10
1 4
9 10
2 10
2 3
2 8
2 4
4 6
4 6
4 5
3 10
3 4
5 6
2 6
2 4
1 6
8 10
1 9
5 9
2 7
8 9
6 8
6 7
1 8
7 10
8 10
1 8
1 6
1 9
100 100
32 67
15 55
34 48
36 56
12 15
42 63
20 99
31 87
23 68
4 14
17 18
26 97
72 80
11 57
3 46
31 83
59 96
1 31
15 55
22 100
34 81
63 79
42 69
52 71
42 69
9 38
33 44
6 99
26 97
31 83
42 99
2 68
16 51
59 83
17 18
26 70
26 70
59 83
11 57
72 80
20 50
9 23
5 54
36 56
43 82
55 62
42 99
22 94
9 23
19 99
8 70
13 50
37 51
9 38
55 62
33 44
31 87
13 50
22 94
39 58
2 68
22 100
1 31
43 82
1 97
11 63
3 46
12 15
16 42
32 67
72 76
59 96
16 51
5 54
20 50
34 81
16 42
34 48
63 75
23 68
43 69
75 93
1 97
23 46
4 14
72 76
42 63
6 99
37 51
63 75
75 93
11 63
8 70
20 99
19 99
52 71
43 69
23 46
39 58
63 79
76 91
43 70
11 74
54 82
35 53
71 90
34 56
9 73
12 54
33 84
4 20
61 80
9 91
58 71
79 91
13 77
83 88
59 87
25 70
6 61
4 60
47 86
56 69
34 80
76 85
33 48
70 78
73 73
26 39
37 64
28 65
14 68
10 89
45 90
6 62
8 75
28 80
52 56
9 72
29 55
67 91
16 54
15 71
35 60
22 83
31 77
59 68
5 17
6 55
4 66
16 75
55 69
33 57
6 58
2 30
36 73
8 79
62 79
13 58
4 63
15 85
3 44
42 82
53 66
49 72
53 57
58 77
16 50
51 52
9 60
32 71
26 60
38 78
54 66
9 88
34 49
19 73
3 2
1 2
1 1
1 2
36 100
41 64
40 68
36 64
41 68
40 69
37 65
36 69
38 68
38 65
36 68
38 67
36 65
41 67
39 67
40 66
39 64
39 68
41 66
38 69
37 67
39 65
40 64
38 66
37 68
40 67
41 65
40 65
36 67
41 69
37 66
36 66
38 64
39 66
39 69
37 69
37 64
4 2
1 1
1 2
1 2
2 2
56 8
4 6
3 8
4 6
1 2
3 5
4 7
1 3
1 8
2 8
4 8
1 4
3 6
2 7
2 5
4 8
4 5
1 6
6 7
1 7
5 8
6 7
3 8
6 8
2 6
3 5
2 6
2 4
3 4
2 5
1 2
7 8
1 5
4 5
5 6
1 4
3 6
1 3
6 8
5 7
1 5
1 8
5 7
4 7
3 4
1 7
5 8
2 8
3 7
7 8
2 4
2 3
1 6
5 6
3 7
2 3
2 7
100 100
18 37
30 51
68 98
7 50
27 52
3 95
5 53
66 77
28 58
57 98
49 77
13 69
21 69
72 97
6 28
4 68
24 30
22 60
59 61
71 84
13 55
53 70
16 17
76 82
8 68
27 48
51 73
42 80
72 83
2 13
61 93
26 42
13 59
60 75
31 82
13 88
66 98
5 5
23 86
1 48
19 73
11 53
34 62
62 78
13 26
53 69
19 68
68 84
51 99
83 84
82 96
49 75
55 56
23 88
25 66
14 42
49 84
27 48
22 68
10 64
38 70
4 14
74 76
57 88
27 62
55 86
55 81
64 77
43 73
31 77
23 95
76 90
73 98
16 37
41 80
10 97
1 65
6 99
43 59
61 76
37 100
52 60
12 20
71 89
44 69
12 72
6 58
45 75
9 24
10 28
1 14
51 80
41 92
48 66
25 42
8 39
59 100
9 69
19 95
64 67
73 67
21 62
19 34
18 42
31 38
34 40
40 65
22 66
52 66
2 31
54 58
27 55
46 47
48 64
24 51
51 64
21 23
23 23
22 31
18 64
22 47
21 62
5 62
22 28
38 65
47 47
3 50
21 40
43 46
24 34
49 66
8 51
18 58
22 38
16 49
46 53
17 23
39 65
24 65
55 61
7 44
41 42
18 58
8 20
29 49
4 31
34 59
33 48
10 56
18 35
14 23
14 48
2 9
28 45
18 47
15 26
12 35
51 55
11 54
38 58
2 6
37 44
17 67
45 59
24 55
47 59
15 59
12 47
9 63
54 65
9 51
25 53
5 25
8 27
36 6
1 5
2 6
3 6
1 6
2 3
2 6
3 4
1 6
2 4
4 5
1 3
1 4
6 6
3 6
5 6
1 2
2 4
3 5
2 2
2 5
4 6
1 4
3 3
5 5
4 5
1 1
2 5
1 2
4 4
3 4
2 3
1 3
5 6
3 5
4 6
1 5
2 22
3 22
12 16
49 99
20 38
51 96
24 65
7 50
58 76
51 94
8 74
20 48
13 24
6 99
81 84
31 84
24 37
4 37
22 41
28 58
29 56
13 48
37 47
37 53
28 53
34 83
28 40
12 13
30 78
32 80
21 87
28 97
92 96
58 61
31 92
42 90
8 94
22 95
22 90
77 96
9 41
86 89
9 93
21 95
62 87
14 24
63 68
17 31
45 89
63 88
18 67
38 53
34 79
100 100
38 78
14 15
6 44
12 54
39 50
33 80
44 76
24 31
4 97
92 94
16 77
21 25
19 97
59 81
44 52
49 67
28 38
63 83
7 32
4 87
13 20
77 85
52 82
51 79
60 85
5 15
46 88
80 83
12 100
24 96
28 71
11 79
1 27
24 100
51 76
74 78
2 24
2 32
1 82
4 49
40 64
32 35
80 95
18 58
36 73
80 99
49 59
23 25
46 79
2 28
27 69
1 6
47 59
20 30
16 36
6 85
61 98
3 55
52 98
40 84
77 98
20 41
3 9
46 51
51 97
39 100
56 75
10 90
22 67
40 67
30 44
32 95
1 12
43 50
45 83
88 91
3 48
25 77
59 94
27 55
39 80
52 78
20 20
14 71
5 23
8 71
20 95
49 87
46 48
66 85
71 95
32 91
37 83
69 90
45 80
65 99
3 79
35 84
25 42
62 82
100 100
50 79
68 98
57 81
64 82
72 95
62 85
63 68
66 72
75 91
65 67
52 71
53 56
59 90
60 79
99 99
77 83
56 61
70 72
70 83
53 73
50 76
52 59
58 60
58 94
62 67
66 91
70 75
50 94
75 87
86 87
59 91
76 77
74 78
82 94
87 90
82 90
62 63
62 75
66 81
56 70
77 87
73 89
60 97
97 99
54 62
55 92
92 100
70 84
89 93
53 69
69 95
71 88
53 100
56 82
52 60
54 68
66 79
69 80
53 58
57 61
67 75
57 74
69 73
56 91
66 84
80 87
59 71
52 59
96 99
52 95
81 82
81 83
52 76
60 75
50 64
66 97
83 99
73 78
67 68
68 81
80 96
60 61
53 90
56 59
88 94
69 79
74 82
63 80
56 83
50 75
79 100
51 85
69 99
72 84
57 96
56 71
51 99
94 97
74 97
92 97
95 90
8 55
6 17
56 86
3 24
46 84
33 58
54 88
8 63
18 43
10 72
7 38
48 50
75 85
20 37
33 83
3 10
53 65
35 79
27 58
31 61
30 71
44 85
7 71
7 29
29 49
37 88
17 24
8 64
72 82
43 79
13 79
22 43
64 74
49 51
3 14
28 71
5 26
60 73
34 63
24 48
46 77
32 46
84 85
27 49
32 45
22 41
42 51
15 61
61 68
4 8
6 58
9 55
41 51
39 83
52 87
40 54
43 68
9 87
8 79
11 64
48 83
3 60
21 74
29 86
19 43
2 65
80 85
22 25
39 90
22 37
5 65
52 53
31 39
74 84
41 54
80 83
41 59
5 79
4 37
60 70
36 73
20 28
56 87
17 75
12 21
39 58
44 87
23 37
24 28
2 5
1 34
26 66
7 46
6 47
9 89
100 100
1 53
1 13
2 30
1 81
1 65
2 62
1 41
1 61
1 27
2 4
1 21
2 10
2 52
2 50
2 2
1 17
2 12
2 32
1 5
1 83
1 45
1 7
1 25
2 54
2 18
1 33
2 6
2 72
2 98
2 94
1 47
1 35
1 19
1 3
2 42
1 51
2 60
2 46
2 84
1 11
1 43
2 90
1 59
1 91
2 100
1 93
2 38
1 71
1 85
1 79
1 67
1 75
2 34
2 82
2 48
1 89
2 76
1 9
2 80
2 36
1 1
1 99
1 39
1 55
1 15
2 26
1 73
2 44
1 97
2 14
2 56
1 63
2 66
1 37
2 96
2 22
2 86
1 23
1 29
2 16
1 95
2 92
1 49
2 74
2 88
2 8
1 77
2 58
2 78
2 68
2 24
2 28
2 70
1 69
2 20
1 31
1 57
1 87
2 64
2 40
52 37
13 16
14 26
5 29
4 19
19 29
5 33
17 27
9 25
20 27
21 35
13 29
25 35
35 36
16 19
6 27
25 27
19 29
15 29
6 29
12 19
12 28
8 17
17 27
25 28
19 30
1 3
9 34
21 29
2 11
21 27
3 20
8 28
17 23
16 31
3 36
4 8
3 8
3 31
18 32
2 5
7 26
7 34
8 20
3 15
15 36
3 28
16 19
17 33
21 25
5 25
2 27
33 35
100 100
19 22
39 79
31 48
26 50
62 93
1 58
38 60
50 86
21 65
13 72
6 87
7 51
30 93
3 27
25 56
35 53
13 67
89 97
60 92
85 92
22 87
25 76
29 82
48 97
8 13
94 100
24 30
18 38
9 40
86 89
35 53
44 49
42 75
14 67
7 52
13 60
15 16
11 29
15 99
10 17
6 38
22 53
53 85
80 96
36 87
36 59
50 74
43 51
2 31
30 84
52 93
70 96
55 95
17 19
64 65
24 88
7 21
21 87
24 41
29 71
38 53
1 78
31 65
20 41
11 74
50 99
40 55
51 98
4 78
52 76
11 52
11 88
5 9
33 63
31 33
48 71
50 54
3 95
11 40
6 45
24 58
28 58
22 58
19 83
9 32
84 99
49 85
27 50
26 80
43 99
46 86
93 100
25 47
48 88
79 79
69 83
11 52
6 35
50 94
37 91
100 100
53 99
6 35
11 71
56 84
17 56
67 77
41 100
57 95
37 77
5 87
3 39
4 78
92 99
22 100
40 93
11 38
29 86
12 92
28 96
16 99
46 79
4 78
12 92
21 70
53 99
31 44
11 38
46 51
64 77
19 97
15 90
11 71
80 94
22 81
64 77
6 55
41 81
9 72
4 26
17 56
10 98
7 59
26 53
37 77
4 26
52 80
70 100
41 81
10 98
15 80
15 80
6 55
2 35
29 86
49 94
15 90
56 84
92 99
16 99
36 90
46 51
50 85
67 77
48 92
57 95
19 97
6 35
47 55
44 96
2 95
40 93
2 35
14 49
48 92
28 96
47 55
52 80
46 79
7 59
87 94
36 90
5 87
50 85
9 72
2 95
31 44
49 94
41 100
87 94
22 81
14 49
70 100
21 70
22 100
80 94
7 66
7 66
26 53
3 39
44 96
100 18
13 15
3 8
3 10
1 14
8 13
8 11
5 9
4 4
13 15
3 5
5 13
6 18
7 16
7 9
4 15
14 16
2 8
5 18
6 7
12 13
4 7
11 13
8 13
6 7
4 17
1 8
3 8
4 5
1 11
1 8
9 18
11 13
7 10
6 16
8 11
2 16
8 18
5 9
2 14
5 10
4 5
5 10
9 13
13 18
14 16
2 13
5 15
9 14
11 17
9 11
4 15
11 12
7 11
13 16
10 12
9 14
11 12
15 16
9 11
1 18
1 10
3 14
1 9
2 18
4 17
11 18
4 10
10 12
4 16
13 14
1 12
6 14
3 6
5 17
4 8
10 14
8 9
1 17
5 5
11 11
2 15
3 15
5 11
10 17
5 15
7 12
10 16
12 16
7 9
11 14
9 9
2 5
3 4
10 18
9 17
4 13
11 18
8 8
1 13
6 15
28 46
2 23
27 37
2 21
9 21
16 26
13 21
12 27
41 46
35 38
1 17
4 13
35 40
9 17
6 9
3 29
24 33
11 14
14 40
20 28
9 37
10 37
2 5
5 29
21 31
3 10
27 40
36 46
7 25
16 4
2 3
4 4
2 4
1 2
3 3
1 1
2 3
1 2
3 4
1 3
3 4
2 2
1 4
1 3
1 4
2 4
100 100
50 81
8 26
3 14
40 80
3 32
30 76
40 100
22 87
54 75
20 88
11 30
37 56
80 87
4 98
12 37
26 53
29 78
26 81
6 57
26 81
26 73
44 46
32 92
10 60
42 65
6 57
9 21
32 92
40 80
4 98
9 51
44 46
9 51
30 44
78 82
19 30
3 14
7 99
52 70
56 81
21 40
26 73
58 84
36 72
90 94
34 55
30 76
80 87
14 66
46 83
44 64
22 23
24 62
21 72
20 88
31 60
16 22
19 30
46 83
21 40
12 37
30 98
90 94
58 84
52 70
31 60
10 60
8 13
34 55
42 66
26 53
29 78
37 56
42 66
3 32
8 13
44 64
36 72
8 26
9 21
42 65
22 87
14 66
21 72
68 70
68 70
7 99
22 23
16 22
50 81
30 98
9 42
11 30
9 42
56 81
54 75
78 82
30 44
40 100
24 62
100 100
41 61
33 53
4 44
26 86
13 72
62 86
24 63
52 90
7 70
11 28
64 67
21 22
61 71
80 94
1 98
30 32
39 75
86 100
37 68
4 44
13 76
53 58
12 26
16 71
32 66
5 60
54 72
12 26
11 28
13 32
48 67
41 65
8 32
8 70
63 64
78 79
26 86
47 96
11 61
72 87
30 32
21 23
74 96
53 88
9 80
20 35
32 66
47 96
80 94
91 93
30 97
53 58
61 71
13 76
64 67
21 23
2 71
53 88
8 70
41 61
53 72
62 86
24 63
74 96
91 93
48 67
53 72
1 98
54 72
78 79
20 81
21 22
72 87
13 32
2 71
24 26
20 81
60 82
46 76
16 71
41 65
86 100
30 97
60 82
24 26
13 72
63 64
52 90
8 32
39 75
9 80
64 80
11 61
20 35
64 80
7 70
37 68
33 53
46 76
5 60
100 100
72 100
2 37
90 99
78 83
22 26
98 100
13 83
8 10
38 93
94 96
22 38
11 61
54 54
6 61
31 76
76 77
44 70
30 92
45 87
7 31
3 40
8 98
31 64
66 90
11 56
52 59
55 87
11 20
35 87
20 38
37 77
58 99
30 42
65 96
6 42
78 85
42 94
49 62
12 79
32 87
3 99
41 87
47 62
72 75
22 48
5 65
93 97
29 74
78 81
10 42
23 35
13 55
36 37
2 49
73 90
10 47
72 80
16 21
81 95
3 43
3 3
2 49
15 27
56 72
34 97
25 84
50 81
74 93
5 42
56 83
62 97
32 90
30 85
9 77
7 67
61 81
29 32
29 95
27 71
25 78
19 39
53 91
25 47
46 93
4 34
53 66
3 92
47 79
10 53
6 59
68 93
45 80
39 94
19 34
27 64
1 70
12 24
59 71
22 88
11 44
100 100
69 74
65 71
66 69
66 68
71 73
70 70
69 72
66 70
66 73
68 68
67 69
64 73
69 71
68 69
68 71
63 71
63 73
70 72
67 71
64 71
68 69
62 72
63 69
66 70
62 67
67 69
64 65
62 65
62 66
67 70
66 72
65 67
68 71
67 74
64 66
65 67
64 70
63 68
65 70
65 69
64 72
63 67
66 66
66 71
67 67
71 72
62 70
70 71
71 71
69 69
69 71
62 74
63 65
65 74
65 65
67 68
65 66
62 71
64 74
65 72
70 73
66 67
64 69
66 68
71 74
63 74
65 69
68 70
66 71
67 73
65 73
68 72
67 70
65 66
65 71
66 69
65 68
66 74
68 74
65 68
68 73
64 68
62 68
70 71
63 66
70 74
67 71
65 70
63 70
67 72
64 67
63 72
62 73
68 70
67 68
69 70
69 73
66 67
69 70
62 69
100 100
26 40
80 93
5 84
14 21
63 84
1 96
17 80
56 74
29 37
36 93
53 57
18 31
76 79
67 93
9 78
45 88
83 90
52 75
6 27
29 60
78 93
75 89
50 87
43 60
49 94
19 97
49 92
39 78
19 30
9 22
26 36
62 88
1 52
78 99
24 36
33 53
49 89
17 75
81 86
50 52
23 44
5 65
14 67
73 97
43 97
58 79
25 92
11 55
21 83
17 74
32 38
5 78
47 99
43 53
23 24
40 94
29 66
66 67
14 45
26 95
43 100
45 87
26 53
27 63
74 92
53 64
61 92
17 67
2 58
18 50
82 99
10 17
9 60
19 65
19 46
20 32
31 53
38 87
69 94
30 50
5 91
17 40
49 85
56 93
63 84
17 47
46 54
1 23
22 81
14 85
13 26
55 100
7 73
20 69
43 68
12 69
22 47
83 92
46 68
80 87
100 100
66 100
40 57
24 62
1 17
75 84
4 66
24 62
58 81
2 46
26 35
38 40
34 52
58 81
15 84
63 98
65 75
34 99
64 84
10 87
48 76
57 58
7 48
59 73
95 97
10 28
38 40
10 87
59 73
35 88
87 97
8 57
5 91
69 84
4 66
7 62
84 91
76 82
10 47
65 75
63 98
66 100
84 91
83 88
76 82
26 35
58 90
7 48
20 38
35 88
10 28
40 57
53 55
87 97
12 20
65 84
8 57
5 79
16 31
15 52
40 44
27 55
27 91
15 52
34 99
40 44
1 17
20 38
65 84
21 66
53 55
27 91
5 79
29 93
8 46
15 84
12 20
38 56
21 66
11 70
38 56
29 93
69 84
95 97
8 46
75 84
16 31
5 91
34 52
36 39
7 62
48 76
58 90
83 88
27 55
10 47
64 84
57 58
2 46
11 70
36 39
100 100
27 87
48 76
18 79
59 67
43 92
81 92
9 19
7 66
50 78
10 58
17 74
19 60
77 94
32 52
53 72
63 82
6 64
74 77
21 42
22 31
38 48
40 66
42 72
27 30
27 77
40 54
45 60
64 85
34 48
50 59
4 89
51 55
16 87
78 84
58 69
55 96
39 57
11 19
28 93
36 47
10 64
67 100
87 88
24 61
61 77
11 13
26 51
17 93
64 94
31 46
18 30
27 76
34 77
23 42
61 88
36 43
73 98
36 93
53 58
52 65
19 61
6 47
43 68
68 71
89 94
41 77
16 49
16 80
16 23
64 93
75 83
13 90
67 96
51 53
28 92
4 34
64 64
20 85
20 91
33 36
50 95
10 37
83 85
18 83
27 62
73 77
4 17
40 57
2 44
86 91
5 92
36 59
28 69
23 78
31 56
6 100
22 78
30 92
28 82
48 58
16 100
32 53
33 52
30 52
31 53
33 51
32 52
31 51
33 53
30 51
30 53
31 54
32 51
32 54
31 52
30 54
33 54
100 11
3 4
4 6
8 10
2 10
5 8
2 7
2 5
7 7
2 3
7 8
4 9
8 9
6 10
8 11
6 8
2 6
1 2
6 9
1 6
3 7
1 8
6 7
1 4
1 11
3 11
2 4
10 11
3 4
1 1
2 3
4 7
2 4
1 6
2 9
1 10
6 9
4 10
5 10
9 9
7 11
3 9
5 9
5 11
1 8
4 10
8 9
7 8
3 8
5 5
1 9
7 9
1 3
2 5
3 11
3 10
2 9
2 6
1 2
5 10
5 11
5 9
1 5
10 10
6 10
8 8
1 5
7 11
4 6
9 11
2 10
9 11
5 6
4 8
6 8
2 7
3 10
3 8
3 5
1 4
6 7
7 10
1 11
3 6
10 11
3 9
7 9
4 5
8 11
1 10
4 11
7 10
3 7
5 6
2 8
6 6
4 5
2 11
2 2
2 8
4 7
100 100
91 99
3 17
2 59
57 90
18 84
57 96
4 33
7 100
50 61
40 61
18 72
22 61
36 63
55 90
69 98
50 92
35 77
10 21
81 83
4 53
90 94
61 100
5 12
41 98
41 75
14 30
21 50
16 20
31 68
9 66
14 57
58 64
56 100
35 82
13 75
12 98
5 50
4 68
22 33
57 61
11 23
90 97
37 83
53 99
60 99
8 50
70 83
23 70
57 61
29 39
7 71
28 31
80 93
38 55
5 81
24 37
15 51
55 64
12 14
8 62
2 7
64 73
70 76
15 52
5 66
30 62
79 94
4 17
67 95
42 49
26 90
2 6
1 6
51 87
96 98
35 67
33 43
63 81
13 32
16 49
12 81
3 45
8 88
62 96
78 84
6 34
6 99
10 42
31 54
76 92
81 96
77 78
25 68
39 62
50 60
19 78
67 100
9 9
17 56
14 44
100 15
3 7
5 13
1 10
5 7
11 13
3 5
4 9
6 15
3 3
14 14
1 1
1 5
4 9
1 6
4 13
5 9
3 14
4 10
3 13
13 15
5 14
4 13
3 11
12 15
6 13
2 3
9 14
14 15
2 11
8 9
7 12
7 7
14 15
1 15
1 9
3 8
3 10
2 15
3 9
2 11
1 9
3 5
9 14
10 14
7 14
7 8
12 14
12 15
3 6
3 12
11 15
7 13
4 10
2 5
9 11
1 15
5 8
4 15
8 11
2 4
5 6
6 11
9 12
2 5
6 12
2 9
5 13
2 4
2 12
1 2
9 15
3 11
8 10
4 15
11 13
10 11
2 15
9 10
12 13
1 2
5 7
2 9
7 9
3 13
10 14
13 13
1 12
12 13
6 13
7 12
3 15
2 8
1 12
8 10
9 10
7 11
5 6
5 12
3 10
10 13
35 35
2 4
18 31
15 15
9 31
2 15
13 18
7 16
23 28
4 24
13 14
19 21
20 22
6 15
2 30
1 3
21 34
2 30
1 21
16 34
23 25
10 35
21 34
6 18
17 26
6 33
26 29
2 29
18 34
20 34
13 32
9 16
23 26
9 32
3 4
8 27
29 64
2 35
43 58
1 40
12 17
25 52
6 24
31 50
6 41
2 37
52 56
26 27
25 48
22 57
12 49
21 22
55 57
23 30
10 55
2 25
48 61
24 61
43 59
7 44
49 56
34 54
9 16
42 57
10 19
43 43
100 100
19 98
28 74
23 60
2 97
19 56
15 34
19 44
64 95
53 90
62 74
57 96
73 91
62 97
4 35
59 65
36 65
71 89
9 55
27 91
60 71
61 87
87 93
3 86
3 22
46 90
84 91
45 79
2 84
30 68
94 98
3 32
14 63
58 67
62 99
74 87
30 44
67 95
6 81
48 98
26 89
2 30
23 87
73 89
19 86
33 80
15 97
8 69
9 71
22 45
41 98
38 83
42 43
9 52
29 35
12 66
39 79
9 34
79 90
62 98
25 44
82 96
28 76
6 71
53 75
35 92
39 85
4 62
87 99
30 45
51 52
10 51
79 95
42 75
36 60
32 94
23 98
7 45
42 97
28 85
31 88
30 100
53 99
10 32
15 46
11 27
23 82
59 85
19 93
2 80
9 57
54 95
20 44
44 44
74 81
36 86
27 27
48 85
52 100
58 83
31 49
100 100
5 36
79 91
67 77
40 57
23 26
8 98
4 45
47 48
42 93
57 79
74 75
43 57
26 49
86 94
15 46
65 65
52 100
22 32
22 51
33 92
23 63
7 70
24 49
34 57
2 70
35 64
50 77
4 16
14 98
23 79
30 35
73 78
9 84
70 93
48 73
24 39
41 86
5 50
24 83
24 94
9 91
11 84
11 49
13 52
58 59
25 61
38 71
6 6
46 100
57 96
67 76
25 32
29 68
36 45
6 66
47 63
11 53
41 54
6 44
34 69
5 79
65 70
14 72
10 29
9 12
11 62
50 74
37 79
64 85
21 70
4 86
32 91
36 91
51 92
54 95
34 45
16 99
19 45
10 71
46 58
10 21
39 65
25 45
53 68
93 97
29 34
16 68
3 35
65 88
56 60
59 87
16 93
63 78
13 64
27 95
61 74
48 63
21 78
35 54
29 59
2 2
1 2
1 2
100 100
20 69
29 56
40 73
4 27
55 74
37 59
73 100
37 88
84 96
6 92
86 96
28 59
83 90
17 26
56 80
34 94
31 60
7 74
33 87
71 94
38 84
68 98
4 83
4 91
66 92
7 38
4 86
4 67
88 90
69 73
9 28
89 96
2 47
43 83
1 78
9 27
19 99
32 82
41 46
67 88
13 47
65 69
10 65
31 76
72 81
55 97
78 81
19 26
32 55
52 66
5 13
19 34
17 27
34 82
62 69
26 90
5 59
27 98
24 44
47 84
53 54
71 93
13 14
79 80
39 95
18 48
79 88
15 70
38 82
13 43
72 80
32 68
51 94
54 63
36 87
3 47
5 88
33 38
25 100
31 43
11 27
8 49
47 72
44 82
16 45
2 13
1 96
8 20
21 27
24 56
7 86
42 75
10 67
14 48
49 90
89 93
46 77
15 65
49 51
24 30
100 100
91 91
24 24
94 94
35 35
72 72
51 51
53 53
18 18
42 42
27 27
11 11
34 34
93 93
9 9
49 49
17 17
4 4
77 77
81 81
36 36
50 50
98 98
23 23
19 19
10 10
29 29
63 63
48 48
40 40
80 80
54 54
13 13
85 85
64 64
21 21
46 46
74 74
92 92
7 7
30 30
58 58
97 97
3 3
25 25
39 39
67 67
76 76
78 78
55 55
47 47
88 88
2 2
84 84
22 22
52 52
71 71
83 83
62 62
14 14
6 6
26 26
59 59
33 33
38 38
60 60
37 37
90 90
12 12
73 73
86 86
1 1
100 100
61 61
79 79
28 28
66 66
57 57
69 69
68 68
95 95
41 41
8 8
70 70
15 15
43 43
32 32
87 87
44 44
89 89
99 99
45 45
56 56
16 16
5 5
65 65
96 96
75 75
31 31
82 82
20 20
96 51
39 51
19 32
10 43
9 42
4 14
12 18
21 34
1 33
4 42
22 29
15 42
30 46
7 22
13 28
24 40
24 28
11 39
5 5
3 50
1 39
1 11
29 51
30 40
14 23
11 23
17 26
1 48
44 51
9 48
5 32
21 46
1 20
39 40
7 33
8 27
20 47
23 30
32 44
5 6
2 33
19 28
11 20
14 25
9 31
15 45
7 9
32 46
24 43
7 43
4 15
2 11
11 27
4 40
26 49
2 51
28 38
24 48
29 46
37 41
1 25
31 43
23 48
8 28
6 21
30 33
16 25
5 50
3 8
18 36
12 38
31 44
30 32
16 40
41 50
18 40
8 33
12 43
27 42
13 38
10 21
47 48
12 22
20 20
14 41
9 41
25 35
17 24
13 40
2 14
2 31
6 10
9 34
3 14
3 39
33 47
18 37
100 100
75 79
53 63
53 67
62 78
50 60
55 97
76 98
51 86
64 75
70 94
59 92
66 90
84 100
50 54
51 58
59 68
82 99
74 87
66 93
70 74
58 92
57 64
61 96
50 95
61 96
68 88
82 85
65 80
59 64
52 92
52 62
69 80
62 98
63 71
54 74
55 99
60 80
61 77
75 75
82 99
91 95
84 91
51 80
65 68
55 81
53 81
63 67
83 86
97 97
58 76
57 72
69 78
50 98
56 67
62 76
55 91
56 61
59 96
63 87
56 95
95 100
68 72
81 83
56 61
51 94
62 70
75 87
55 77
87 87
59 63
53 76
71 88
69 99
52 53
62 91
51 91
56 91
67 92
74 75
86 96
52 58
84 98
96 98
87 89
50 77
65 76
81 100
52 96
66 95
93 98
55 77
68 91
73 75
50 80
76 79
75 87
68 93
51 80
61 92
68 99
100 16
3 4
2 13
1 14
9 9
2 4
11 16
8 13
2 4
7 9
1 7
3 13
6 16
3 7
9 12
2 3
8 10
12 16
4 6
10 12
9 16
2 6
13 15
1 7
7 13
7 12
9 12
5 7
7 10
3 7
3 5
6 8
15 16
3 16
5 15
7 11
7 14
1 16
6 16
2 13
7 9
15 16
5 12
3 11
8 14
3 11
1 10
11 12
14 16
1 2
4 12
13 16
3 13
10 11
2 12
6 8
3 16
2 12
4 13
9 10
5 6
9 15
11 15
1 15
8 16
10 13
2 8
1 3
12 15
8 10
4 15
7 15
9 13
3 14
10 12
6 9
7 14
5 13
5 7
2 6
3 15
5 15
2 10
4 15
3 10
8 16
10 16
5 12
1 5
9 15
12 14
11 14
7 12
3 4
15 15
11 15
4 13
4 7
7 16
5 11
5 10
100 12
1 5
3 12
4 12
8 9
3 10
5 12
4 7
1 7
11 11
2 4
3 8
1 4
6 7
11 12
6 11
11 12
8 10
1 8
1 10
4 6
1 5
6 9
7 8
4 5
5 11
2 8
5 11
3 12
2 12
4 10
3 8
7 10
1 9
1 9
5 12
1 3
6 11
3 7
1 8
3 3
5 7
8 11
1 12
6 7
2 3
1 11
2 10
3 4
4 11
5 10
3 5
3 11
2 6
3 4
3 10
1 7
2 7
5 8
7 10
2 9
2 5
1 10
1 11
4 10
1 3
9 10
2 3
3 9
2 5
5 5
5 10
2 4
7 8
6 6
12 12
8 8
1 12
2 7
5 7
8 10
8 12
10 11
4 12
1 4
7 7
10 11
4 7
1 2
4 9
1 2
9 10
2 8
4 11
5 8
2 6
3 11
6 9
8 12
4 9
3 7
61 85
3 77
36 46
18 36
33 46
37 51
23 57
13 31
38 69
19 73
13 84
51 83
17 28
9 55
43 64
24 53
37 70
33 42
55 63
57 81
59 84
75 80
37 67
41 50
9 56
58 61
31 67
13 51
45 80
49 60
24 50
19 37
37 62
62 68
21 29
43 78
22 76
52 85
28 83
36 80
28 56
39 82
10 15
21 72
16 29
2 36
19 83
45 83
9 12
3 15
47 49
5 85
30 82
30 74
37 56
48 64
32 75
36 68
71 72
8 53
60 70
8 71
100 100
38 81
6 40
29 89
21 89
33 76
61 73
12 56
5 27
21 89
52 76
39 98
30 42
50 55
26 94
72 99
5 27
87 88
70 100
50 71
19 43
11 44
58 86
3 6
25 28
19 43
25 28
32 54
39 55
3 6
21 79
53 98
40 89
50 90
8 14
37 84
30 42
33 76
4 55
24 99
12 56
44 94
63 79
38 81
26 71
9 90
19 58
21 56
8 14
66 67
19 58
66 67
4 55
18 90
51 70
9 90
11 44
26 94
87 92
50 71
21 79
44 69
15 60
2 91
51 61
26 71
1 31
29 74
50 90
61 73
87 88
15 60
51 61
52 76
39 96
21 56
70 100
1 31
63 79
39 98
35 78
35 78
6 40
32 54
18 90
40 89
2 91
53 98
72 99
24 99
39 55
37 84
39 96
44 94
51 70
29 74
44 69
50 55
58 86
29 89
87 92
27 98
48 52
20 35
15 57
2 57
30 68
30 72
13 72
29 67
32 91
17 94
41 88
54 73
6 83
78 81
27 79
2 6
52 60
73 84
23 44
51 66
29 75
9 24
6 92
1 80
54 73
56 71
12 52
100 100
38 55
55 61
65 78
8 24
3 78
21 46
41 79
17 21
86 87
19 39
25 40
74 92
31 36
58 87
32 87
13 19
93 98
43 76
48 90
9 50
47 80
36 45
23 86
9 43
38 71
34 72
79 84
12 91
6 73
81 92
18 42
77 83
22 72
15 93
6 12
44 92
60 71
46 86
1 23
23 55
61 94
13 30
45 66
4 93
15 80
30 38
47 98
36 75
34 64
31 61
84 95
39 76
13 78
9 70
63 89
48 91
8 15
43 83
18 79
7 90
1 34
34 69
12 87
9 12
33 60
68 80
6 49
41 75
33 86
33 89
80 88
6 68
3 87
6 27
76 81
11 65
75 99
70 74
48 56
37 100
42 43
3 91
44 53
23 85
2 3
75 93
54 56
31 55
13 16
34 43
48 72
47 52
22 97
11 100
61 92
14 40
53 95
24 39
6 14
18 71
100 84
12 56
27 48
19 76
5 22
31 72
39 54
45 57
37 68
39 77
65 65
22 60
23 37
61 67
6 9
34 79
16 24
51 68
11 30
75 83
13 84
8 17
45 75
17 68
39 79
24 49
22 42
1 81
46 70
19 47
18 26
35 54
54 74
39 77
46 82
13 64
33 70
18 60
35 74
12 35
11 50
30 34
26 82
33 44
13 68
11 16
22 41
8 29
6 58
5 52
18 81
19 60
1 77
30 79
18 72
8 75
68 83
55 73
24 74
19 22
12 21
52 70
10 57
10 12
33 54
12 65
15 60
49 81
54 78
65 80
3 14
39 51
66 84
12 53
30 39
52 56
18 73
31 45
76 79
20 38
11 80
9 51
48 64
50 58
34 61
13 61
13 22
35 75
59 66
64 69
21 66
58 74
66 67
17 46
61 68
21 81
54 54
15 47
2 81
4 61
2 20
100 100
1 77
38 72
77 94
39 57
65 72
44 80
2 61
81 92
33 89
78 99
69 74
45 55
11 44
38 57
45 93
38 57
48 87
44 91
65 72
42 93
17 99
1 33
52 69
10 84
13 56
17 44
4 94
1 77
26 27
52 85
39 57
25 36
52 69
4 94
81 92
36 81
36 91
47 93
75 95
7 88
2 61
27 52
17 44
69 74
77 94
54 58
38 66
24 93
71 78
17 99
21 34
11 86
15 48
26 65
45 93
7 88
52 85
41 69
26 65
75 95
41 74
38 66
13 56
1 33
41 74
8 74
22 74
26 30
26 30
8 74
22 74
10 84
86 95
38 72
49 53
27 52
25 36
36 81
36 91
45 55
54 58
42 93
78 99
15 48
71 78
86 95
49 53
44 91
41 69
48 87
11 86
21 34
44 80
23 78
24 93
26 27
33 89
11 44
23 78
47 93
100 100
49 52
2 99
1 100
38 63
36 65
5 96
32 69
18 83
33 68
6 95
44 57
48 53
15 86
4 97
9 92
23 78
10 91
19 82
11 90
30 71
49 52
46 55
14 87
27 74
21 80
42 59
27 74
18 83
16 85
21 80
37 64
20 81
38 63
46 55
24 77
39 62
4 97
42 59
50 51
19 82
26 75
45 56
41 60
8 93
28 73
43 58
40 61
22 79
5 96
17 84
8 93
11 90
47 54
9 92
29 72
47 54
3 98
43 58
3 98
37 64
39 62
14 87
28 73
31 70
17 84
35 66
20 81
31 70
36 65
33 68
6 95
15 86
26 75
13 88
25 76
50 51
10 91
22 79
12 89
7 94
34 67
29 72
24 77
25 76
2 99
12 89
23 78
7 94
30 71
34 67
35 66
40 61
13 88
16 85
1 100
32 69
41 60
45 56
48 53
44 57
3 3
2 2
3 3
2 3
100 19
6 6
1 14
6 19
1 1
1 18
3 9
11 11
7 19
4 18
6 15
7 14
13 15
10 11
10 15
1 15
1 13
12 18
6 15
2 9
7 14
6 16
16 19
5 10
12 16
3 12
6 9
7 18
5 7
18 19
1 18
10 13
2 16
9 14
12 16
11 13
3 11
14 18
3 19
11 17
15 15
10 15
7 8
2 3
8 14
5 6
4 11
1 9
2 17
8 12
7 17
11 14
11 18
3 4
3 8
2 17
16 16
4 13
15 18
9 13
3 15
10 13
4 5
1 6
5 9
2 7
8 9
14 19
12 18
9 11
1 14
3 14
1 2
6 7
9 16
10 14
12 13
8 16
6 16
4 10
16 19
5 6
12 14
3 16
4 17
2 19
3 12
1 11
3 3
2 13
3 14
9 16
1 11
4 4
13 19
4 7
3 19
1 13
12 17
4 14
9 14
35 48
25 31
16 28
26 37
11 32
28 31
31 34
4 27
2 22
12 20
7 29
41 46
6 24
39 45
23 48
4 25
23 46
19 29
8 22
18 37
4 28
5 24
17 22
8 16
33 36
26 43
28 32
10 26
2 37
12 44
24 45
34 41
2 17
31 35
5 29
4 27
36 7
2 3
5 7
2 2
1 7
3 5
2 6
4 5
2 7
2 4
1 5
5 7
6 7
1 3
3 7
5 6
1 6
5 6
1 3
6 7
1 7
1 5
1 4
2 4
1 6
4 7
2 5
2 3
1 4
3 4
4 4
4 6
3 7
3 4
3 5
4 5
4 7
16 95
47 53
14 56
14 91
11 84
79 94
61 72
87 95
10 62
56 87
3 3
75 91
54 88
44 88
38 40
72 82
36 91
17 75
39 45
57 71
15 40
47 59
3 12
42 71
28 63
12 35
15 61
24 27
45 65
13 37
11 52
48 65
20 64
3 4
7 28
100 100
13 58
57 98
30 61
15 72
32 52
53 86
83 98
24 45
9 100
16 70
36 43
56 92
20 49
39 53
54 78
42 48
1 55
67 82
67 87
12 72
28 63
47 57
82 87
43 77
53 80
16 74
5 96
72 99
33 38
20 67
17 75
54 85
50 76
1 27
43 80
7 51
61 66
50 77
38 90
51 57
47 55
70 92
40 53
83 88
15 25
32 73
86 97
3 10
65 69
24 92
77 92
22 93
2 100
21 34
34 55
15 56
10 70
21 81
57 98
53 94
5 68
57 66
19 61
43 47
33 60
99 99
31 52
2 89
41 45
2 83
13 86
22 53
43 53
24 37
33 96
14 50
31 50
59 70
44 62
24 27
82 88
51 85
64 80
24 73
3 22
38 83
35 65
36 86
64 100
69 88
41 74
16 66
33 57
78 98
30 70
11 12
18 49
7 64
66 87
45 90
100 20
15 20
5 5
2 13
5 18
13 13
3 7
9 15
15 20
1 3
2 20
17 19
14 14
2 12
2 5
4 7
3 17
12 16
7 11
9 9
1 5
8 14
1 2
8 15
13 14
2 15
11 12
15 17
8 12
7 18
18 19
5 18
14 15
17 20
17 19
1 12
2 9
17 17
10 13
8 16
4 10
5 9
10 18
10 11
10 14
4 9
5 14
9 13
2 4
14 19
6 6
11 14
5 11
11 16
12 18
6 19
6 11
2 10
4 12
9 19
1 4
2 13
6 15
2 3
5 12
1 19
1 3
7 18
12 18
11 14
1 8
1 12
15 19
2 18
10 17
8 18
7 13
10 16
18 19
14 15
2 2
16 18
5 13
9 19
2 8
4 15
1 1
12 16
11 16
3 7
4 4
9 10
6 7
8 18
5 11
13 19
4 9
2 12
11 20
11 12
12 14
100 100
39 39
42 74
4 63
26 84
2 17
2 34
60 76
56 62
7 91
27 70
13 34
63 75
35 91
70 77
5 11
51 89
27 93
22 36
5 75
73 94
11 87
12 34
11 80
17 97
4 100
76 80
46 75
35 50
13 100
24 70
3 45
79 96
21 63
5 16
31 92
26 42
43 61
23 27
34 70
7 96
38 92
27 70
9 91
53 72
41 72
26 66
1 21
60 95
5 50
73 88
62 69
32 52
57 99
23 25
73 87
13 34
58 85
22 88
71 88
32 71
32 52
49 98
1 13
11 93
4 77
24 67
28 78
34 53
61 88
2 33
36 82
51 93
73 99
26 83
21 60
11 16
2 41
64 93
26 97
7 87
28 89
67 91
31 62
3 13
80 86
54 55
32 61
41 74
6 29
31 80
7 72
20 29
1 90
6 27
82 89
1 8
22 25
38 92
26 50
52 56
100 100
2 80
68 86
15 16
26 56
56 56
40 71
17 45
6 8
64 80
50 94
19 34
11 87
78 85
66 78
29 31
9 14
3 65
12 59
40 99
50 63
50 55
13 93
49 90
14 39
32 32
3 77
37 51
13 51
86 91
16 76
19 30
51 73
25 57
44 86
17 92
46 51
21 23
18 99
58 66
35 84
42 67
57 66
33 36
33 83
40 74
64 66
28 45
38 100
46 50
36 40
86 96
62 81
4 17
20 52
60 91
19 41
72 80
3 69
27 91
62 98
1 66
90 97
34 52
17 42
48 54
11 20
41 59
6 61
10 44
5 35
62 75
57 82
12 40
67 90
15 88
83 98
51 61
22 59
43 81
67 68
23 92
7 52
5 13
53 93
81 89
70 78
44 52
63 76
39 46
3 28
48 52
38 93
60 79
25 93
47 95
4 43
29 31
24 88
34 95
79 88
100 100
7 31
16 57
17 77
24 29
30 57
18 54
21 86
70 72
16 63
45 99
79 88
64 65
44 74
13 38
27 33
49 74
63 76
39 73
63 81
47 100
52 76
36 100
9 53
19 51
23 62
24 55
12 40
31 35
13 14
27 93
44 46
23 48
62 74
18 30
33 63
33 41
28 67
7 63
20 41
1 73
66 99
75 96
1 65
80 94
17 96
27 47
28 67
38 69
75 96
10 52
69 90
20 91
60 92
17 23
46 47
77 86
1 92
42 53
16 50
75 100
14 18
66 94
40 46
42 76
66 79
33 88
15 35
48 78
34 47
5 70
8 22
8 23
92 93
17 100
57 71
29 52
3 90
70 88
50 76
50 79
48 89
29 49
65 91
19 29
38 61
93 94
86 100
31 64
9 27
22 46
25 76
32 78
11 14
23 78
61 89
29 54
35 42
50 50
36 76
82 96
5 90
57 67
9 64
50 83
69 77
2 8
100 100
11 26
76 99
12 13
57 78
37 53
87 88
31 99
13 83
44 98
11 26
28 79
57 78
68 98
99 100
11 46
44 51
56 87
4 56
27 46
10 44
13 83
10 41
68 99
1 67
21 26
48 95
10 44
15 62
41 43
66 93
80 89
1 67
25 100
45 58
26 46
99 100
71 77
15 62
49 52
26 46
58 98
44 90
41 43
9 15
51 61
73 93
5 59
41 72
12 13
51 61
31 99
29 75
10 41
68 98
11 46
21 72
16 66
20 53
13 98
80 89
58 98
68 99
28 79
45 58
63 75
29 75
73 93
51 55
25 100
41 72
27 46
71 76
41 67
49 52
41 67
76 99
37 53
87 88
16 66
51 55
71 77
9 15
71 76
4 56
44 98
20 53
56 87
21 72
44 51
48 95
63 75
4 69
66 93
5 59
13 98
21 26
44 90
30 87
4 69
30 87
100 13
11 11
2 4
2 10
3 7
6 13
3 13
2 11
4 13
7 10
8 13
11 12
2 3
6 6
12 13
7 13
3 6
10 10
1 4
6 10
12 13
1 8
8 11
5 7
4 9
6 12
2 4
2 9
8 12
1 3
6 9
1 12
4 12
9 9
4 12
5 5
3 4
11 13
1 6
7 10
9 10
7 12
1 11
5 6
1 10
6 8
8 9
1 2
2 8
1 5
2 11
5 8
9 11
2 3
2 13
7 9
8 13
9 10
6 9
3 3
1 4
8 10
5 6
1 5
1 11
6 11
12 12
7 12
10 11
6 10
10 13
3 7
3 13
2 9
1 10
2 10
11 13
1 12
7 9
3 11
10 11
2 6
1 6
8 12
4 13
2 5
3 11
1 1
9 13
7 13
2 2
11 12
6 8
1 7
5 13
3 10
1 2
4 6
1 8
2 6
9 13
100 100
40 56
33 62
32 60
3 45
24 98
1 71
64 76
76 98
10 72
5 99
3 59
90 96
25 88
70 100
12 92
10 32
2 29
2 74
2 21
2 62
69 73
2 37
86 98
38 71
21 48
75 82
30 46
51 70
25 69
7 47
58 84
32 53
54 58
35 83
22 57
6 11
30 34
30 41
48 100
33 76
21 50
12 69
6 95
33 39
39 96
5 27
36 86
19 64
33 91
7 82
1 75
62 86
17 77
35 89
74 81
32 44
15 89
36 75
70 78
53 64
53 54
43 81
29 37
66 93
60 75
2 21
11 33
9 54
27 50
6 32
64 74
25 94
41 97
53 69
12 84
10 31
4 68
41 96
26 44
20 90
11 29
59 80
8 79
14 91
12 99
29 67
85 100
4 80
25 43
33 86
35 41
7 89
86 88
4 66
44 63
30 57
26 35
14 43
56 60
54 70
100 14
2 8
1 13
2 4
4 8
9 13
2 11
7 14
11 11
6 14
5 10
11 12
4 10
7 9
9 12
2 9
9 9
11 14
6 12
4 9
6 8
5 5
3 4
6 7
2 12
1 3
5 7
1 9
6 13
2 7
4 14
1 8
3 5
8 13
4 13
8 8
8 13
6 11
9 11
14 14
10 13
1 2
5 14
9 12
6 9
1 9
2 5
10 14
1 5
9 10
1 2
10 11
4 6
1 1
2 8
1 12
7 8
2 4
3 7
5 8
7 9
5 10
2 6
1 12
12 14
1 6
7 13
4 11
4 11
6 13
1 5
12 13
2 11
7 14
4 9
2 9
5 14
2 13
9 13
5 13
5 7
6 11
9 10
3 8
3 9
4 14
5 12
5 11
7 7
10 11
3 10
8 9
2 13
5 9
4 13
1 8
6 8
3 13
4 6
5 11
8 12
100 100
31 46
3 9
85 89
8 8
53 72
57 83
5 58
26 38
16 81
58 90
11 70
56 84
33 56
13 53
63 95
29 63
29 41
80 85
22 87
3 14
44 72
10 98
2 89
17 29
36 48
52 84
71 100
55 77
35 94
43 65
10 78
46 65
57 70
33 94
5 53
91 92
44 76
25 42
29 75
36 52
14 29
49 65
50 98
5 43
3 27
34 42
28 55
56 78
7 79
29 62
4 84
73 78
13 92
68 97
21 62
18 36
79 96
33 87
7 63
7 80
85 99
9 40
76 99
7 53
18 27
10 44
89 100
31 32
6 100
77 97
6 63
60 65
15 21
16 51
28 34
47 73
41 85
79 95
77 94
53 80
6 38
34 50
1 72
43 76
2 6
37 64
38 88
33 55
25 48
55 64
73 99
13 15
40 61
20 22
19 95
2 40
24 75
11 78
5 43
37 88
34 8
6 8
3 8
3 8
5 8
5 8
1 4
2 4
2 2
1 6
7 8
7 8
2 6
2 4
6 7
1 7
3 5
6 6
3 5
2 7
4 8
1 2
2 5
6 8
1 4
1 8
4 6
2 5
1 2
4 7
1 6
5 6
2 3
5 5
4 5
100 100
1 11
1 99
1 34
1 49
1 17
1 7
1 48
1 52
1 87
1 15
1 94
1 91
1 64
1 95
1 80
1 62
1 77
1 37
1 10
1 20
1 54
1 23
1 41
1 51
1 55
1 40
1 56
1 24
1 69
1 25
1 3
1 85
1 22
1 63
1 39
1 28
1 26
1 82
1 43
1 38
1 1
1 36
1 76
1 65
1 74
1 9
1 57
1 12
1 47
1 66
1 84
1 35
1 86
1 8
1 72
1 29
1 88
1 58
1 42
1 31
1 32
1 59
1 89
1 61
1 19
1 45
1 100
1 71
1 33
1 30
1 68
1 75
1 73
1 53
1 21
1 79
1 4
1 5
1 46
1 13
1 67
1 14
1 83
1 90
1 70
1 50
1 27
1 2
1 98
1 6
1 78
1 97
1 96
1 60
1 18
1 93
1 16
1 92
1 81
1 44
100 10
2 4
6 9
8 10
8 9
4 9
2 10
3 9
7 8
1 3
6 10
4 4
2 3
1 5
1 5
7 10
7 9
1 6
1 8
5 8
1 9
4 7
10 10
9 10
1 4
5 6
2 2
1 2
4 6
6 9
3 5
1 1
2 5
3 10
7 7
4 10
4 8
2 7
9 10
4 10
7 9
3 3
7 8
6 8
1 2
5 6
3 6
1 10
6 6
3 7
2 6
2 9
1 10
9 9
3 9
4 5
2 10
2 4
5 10
1 7
3 10
5 7
3 6
3 7
2 9
2 5
6 10
4 7
1 4
3 8
1 6
5 10
5 7
5 9
4 8
6 7
1 7
7 10
5 8
5 9
4 5
8 10
1 3
1 9
2 3
3 8
6 7
6 8
3 5
8 9
5 5
2 6
4 9
4 6
3 4
2 8
1 8
2 8
3 4
8 8
2 7
100 100
32 51
66 89
39 71
38 86
9 96
32 69
18 56
2 17
65 98
56 72
36 95
21 26
74 78
4 4
68 68
37 61
63 69
22 77
42 59
27 85
11 82
2 95
73 74
52 75
48 58
10 86
11 62
53 99
6 61
56 58
69 92
12 66
38 47
43 63
53 99
95 100
78 84
24 84
67 74
85 99
22 40
61 93
6 46
14 56
7 59
56 87
42 69
48 79
12 15
56 91
29 60
10 77
48 50
24 50
51 69
41 61
69 97
16 77
48 62
17 43
14 73
37 37
26 56
33 65
14 69
10 62
14 36
5 68
54 71
31 73
49 95
7 95
19 47
25 97
72 72
27 52
62 73
12 51
13 92
20 62
76 98
18 50
14 98
62 100
22 38
63 83
52 82
28 77
49 60
8 23
27 72
33 56
9 83
73 90
32 64
69 86
23 47
17 63
32 99
16 48
49 13
7 7
7 9
5 7
2 4
2 7
3 13
8 11
7 10
1 11
4 13
4 5
2 3
1 9
7 13
1 10
8 8
4 8
6 13
6 7
3 6
11 13
5 7
8 9
2 10
3 11
1 2
3 6
2 5
6 13
3 4
2 9
1 11
4 12
8 13
3 11
4 8
2 12
2 12
6 11
4 7
4 6
1 7
2 11
11 13
7 13
3 5
7 8
6 6
1 3
96 90
34 49
15 41
48 57
19 31
56 62
8 34
25 79
39 57
54 71
52 57
6 10
5 22
77 82
2 50
37 88
11 85
75 79
52 88
20 57
19 81
7 76
77 82
41 43
13 31
24 75
80 89
60 69
47 69
33 80
60 66
86 89
2 12
14 15
12 42
68 70
5 64
34 61
34 61
31 59
3 88
25 72
53 57
24 27
46 78
50 57
13 18
11 16
49 86
56 80
53 73
4 66
65 78
46 57
23 33
64 64
32 57
38 87
41 76
7 67
21 64
28 73
5 55
29 84
8 16
7 50
27 79
13 59
33 90
14 70
22 66
6 70
26 76
24 38
59 63
3 60
9 26
29 86
38 46
18 30
37 84
14 55
2 47
4 30
74 79
17 71
14 59
31 87
24 33
18 43
62 90
12 25
30 51
36 72
87 88
37 83
18 68
2 2
2 2
1 1
50 82
50 69
37 43
25 68
26 39
12 60
22 81
13 77
16 35
12 64
36 40
16 26
40 44
7 60
34 39
64 80
42 80
37 51
24 47
5 13
10 54
37 74
23 31
3 16
22 37
56 78
17 76
5 9
35 40
47 52
60 65
42 79
2 14
19 69
17 45
2 8
54 66
17 56
45 78
32 39
21 69
30 65
51 52
40 72
18 55
30 59
19 75
19 46
52 67
38 62
16 34
55 73
62 69
34 44
52 60
19 73
27 36
11 34
40 45
50 67
42 57
7 65
46 53
30 46
19 71
10 13
1 69
42 72
14 62
11 39
39 45
21 32
31 34
45 53
32 40
11 38
50 69
63 67
4 16
58 59
11 28
38 49
9 64
15 47
16 63
2 21
48 60
21 51
44 48
9 29
14 52
4 47
32 43
59 72
15 34
34 63
42 56
32 39
33 63
35 36
1 40
42 55
52 61
26 39
7 14
40 47
56 68
100 100
62 63
98 99
95 96
90 91
61 62
42 43
11 12
44 45
77 78
20 21
48 49
15 16
88 89
40 41
43 44
80 81
51 52
55 56
74 75
96 97
34 35
67 68
18 19
13 14
17 18
93 94
54 55
45 46
46 47
25 26
2 3
97 98
41 42
82 83
71 72
81 82
33 34
99 100
86 87
50 51
68 69
66 67
37 38
83 84
3 4
4 5
92 93
52 53
76 77
70 71
35 36
12 13
59 60
47 48
10 11
21 22
72 73
38 39
89 90
49 50
6 7
27 28
23 24
78 79
60 61
26 27
39 40
31 32
65 66
32 33
69 70
63 64
30 31
24 25
14 15
91 92
87 88
53 54
19 20
94 95
9 10
84 85
73 74
64 65
8 9
79 80
36 37
75 76
29 30
56 57
5 6
58 59
85 86
16 17
28 29
7 8
1 100
1 2
57 58
22 23
100 100
52 57
22 35
49 78
70 84
14 33
65 66
73 99
59 84
34 62
3 22
7 91
47 99
3 86
39 72
27 64
36 72
51 56
23 94
44 93
48 57
34 88
58 75
44 94
5 86
8 11
9 67
21 61
45 68
37 50
37 60
35 49
3 12
2 74
64 100
10 67
40 79
41 91
85 88
4 81
1 88
18 49
70 89
50 68
26 63
16 21
5 40
9 81
8 91
49 69
26 64
28 91
23 95
6 95
64 98
87 88
18 82
89 95
48 60
11 99
18 42
4 99
54 55
21 41
53 82
38 75
9 23
3 47
42 92
13 17
16 54
20 40
49 80
5 57
4 63
29 34
8 43
22 54
29 55
58 98
8 27
38 99
27 51
5 43
15 59
22 75
27 35
44 71
21 64
12 72
7 23
70 73
43 47
47 80
47 98
69 87
44 44
50 77
45 87
8 31
58 95
100 100
33 42
43 50
28 47
14 28
81 89
38 47
6 17
76 99
40 90
69 97
91 94
78 93
56 82
23 44
1 38
46 91
22 97
27 96
55 65
52 100
16 98
39 41
62 71
17 34
81 99
88 91
20 86
94 99
50 59
1 76
62 71
14 82
59 70
67 93
10 57
45 90
49 78
32 48
24 86
67 73
73 97
13 97
11 64
2 97
6 8
7 74
53 61
21 68
80 99
5 11
17 74
43 71
41 44
3 45
60 98
70 94
1 23
12 24
41 45
72 92
4 61
25 41
30 91
28 60
51 87
13 78
69 96
4 86
6 43
32 89
2 30
10 84
26 74
17 80
45 67
14 31
37 90
1 62
2 56
87 96
46 90
58 100
18 35
15 77
59 70
13 48
21 36
8 17
63 76
7 57
36 43
31 89
9 64
18 76
11 81
33 54
48 98
49 69
8 65
3 19
12 4
2 4
1 3
1 4
2 3
1 4
3 4
2 3
1 2
1 2
3 4
2 4
1 3
64 100
76 77
77 80
77 79
79 80
83 83
79 82
79 83
80 82
79 81
76 76
77 83
82 83
79 80
79 82
79 83
77 82
76 78
76 80
76 81
80 80
81 81
76 77
79 79
81 82
80 81
77 81
76 79
82 83
78 83
76 81
76 83
79 81
81 83
76 78
78 81
78 79
78 82
77 81
76 79
78 82
77 77
77 83
77 79
80 81
78 81
78 79
76 83
77 82
76 82
78 83
78 80
81 83
80 83
77 78
82 82
77 80
77 78
78 78
78 80
76 80
80 83
80 82
81 82
76 82
4 100
46 87
47 87
46 86
47 86
64 8
5 8
5 8
7 8
1 3
3 7
2 4
2 5
1 2
3 6
3 4
2 7
5 5
2 6
4 4
1 3
3 5
2 5
3 5
2 3
4 8
3 3
1 5
2 6
1 1
3 8
7 8
1 2
5 6
4 8
2 7
6 7
4 7
6 7
1 7
3 4
1 4
2 4
4 5
1 6
1 8
8 8
4 7
6 8
2 3
6 8
2 2
1 6
6 6
7 7
5 6
4 5
1 4
1 5
4 6
3 7
1 8
3 6
5 7
2 8
3 8
5 7
4 6
2 8
1 7
51 84
32 53
30 74
2 53
66 76
35 50
27 38
47 49
61 75
17 70
22 52
69 84
9 27
65 66
22 68
4 54
5 71
24 43
35 51
55 74
40 43
12 18
1 53
56 59
48 80
14 80
57 81
22 58
17 48
21 58
17 30
12 82
6 81
30 84
17 38
21 45
14 43
6 23
33 75
42 48
43 82
5 15
18 68
23 64
5 14
17 58
13 21
14 50
12 57
48 56
34 81
55 74
30 6
2 5
1 2
1 5
2 5
1 6
3 4
3 5
2 6
3 5
2 4
1 4
4 6
1 3
5 6
3 6
5 6
1 4
1 3
3 4
1 2
1 5
2 4
2 6
2 3
4 5
3 6
4 6
1 6
4 5
2 3
100 100
5 80
8 48
8 48
40 44
53 60
16 39
42 74
10 73
50 75
6 34
3 76
93 99
40 78
53 60
12 46
2 12
1 96
40 44
47 77
93 99
41 95
34 40
13 90
45 55
37 49
5 80
47 90
34 53
34 40
9 29
11 15
5 38
11 51
6 96
32 65
30 95
31 96
11 15
45 81
68 75
7 86
50 75
64 69
11 51
13 90
62 79
19 21
6 96
58 69
47 90
5 38
19 99
1 96
10 17
2 45
47 77
4 66
3 15
6 34
41 95
19 99
10 17
45 55
16 39
30 95
33 49
33 43
31 96
9 29
12 46
10 73
46 69
90 93
32 65
31 44
45 81
19 21
42 74
37 49
10 26
64 93
58 69
64 93
10 26
64 69
33 43
31 44
3 76
2 45
4 66
62 79
33 49
68 75
40 78
7 86
34 53
46 69
3 15
2 12
90 93
100 100
62 63
38 76
60 94
14 42
14 38
10 80
19 86
30 100
22 29
11 80
16 92
7 45
3 94
6 85
19 24
31 53
20 93
31 96
38 49
60 64
26 47
10 26
3 93
13 93
2 47
3 69
5 57
5 88
55 81
70 80
19 49
32 85
12 91
32 60
7 83
2 68
13 31
19 23
12 15
6 27
15 77
17 28
19 37
2 49
44 76
7 46
35 47
8 42
21 93
34 62
54 93
10 25
47 50
81 99
96 96
12 23
40 48
26 85
58 60
11 46
11 80
3 44
34 99
4 17
33 83
29 65
14 48
23 41
72 86
37 90
36 38
24 51
65 73
31 48
5 45
73 80
58 98
47 68
76 81
42 98
14 28
6 26
55 93
49 90
35 40
66 78
60 73
34 94
33 83
77 95
30 32
18 48
20 71
5 100
3 20
5 51
40 95
12 33
18 59
73 80
